P3
1000 1000
255
0 0 0
P3
1000 1000
255
0 0 0
P3
1000 1000
255
-1.45312 0.50521 0.79321920 9 0-1.45312 0.50521 0.79321920 9 0-1.45312 0.50521 0.79321920 9 0-1.45312 0.50521 0.79321920 9 0-1.45312 0.50521 0.79321920 9 0-1.45312 0.50521 0.79321920 9 0-1.45312 0.50521 0.79321920 9 0-1.45312 0.50521 0.79321920 9 0-1.45312 0.50521 0.79321920 9 0-1.45312 0.50521 0.79321920 9 00 0 0
P3
1000 1000
255
-1.45312 0.50521 0.79321920 9 0-1.45312 0.50521 0.79321920 9 0-1.45312 0.50521 0.79321920 9 0-1.45312 0.50521 0.79321920 9 0-1.45312 0.50521 0.79321920 9 0-1.45312 0.50521 0.79321920 9 0-1.45312 0.50521 0.79321920 9 0-1.45312 0.50521 0.79321920 9 0-1.45312 0.50521 0.79321920 9 0-1.45312 0.50521 0.79321920 9 00 0 0
P3
1000 1000
255
-1.45312 0.50521 0.79321920 9 00 0 0
P3
1000 1000
255
-1.45312 0.50521 0.79321920 9 00 0 0
